0 0.5 0.5 0.996890347431116 0.985839705465874
17 0.5 0.99433588218635 0.998756138972446 0.00849617672047579
14 0.0299459542383528 0.229396771452846 0.055538394880268 0.354007363353158
6 0.322361097002502 0.0757575757575757 0.0677220136451555 0.0467289719626168
19 0.304636077359864 0.0740795808552818 0.029162321790994 0.0292126876239026
16 0.337564188411776 0.0757575757575757 0.0373158308266078 0.0467289719626168
12 0.505891236791751 0.14214103653356 0.296850543878234 0.179495893514585
11 0.672307403668146 0.101869158878505 0.0334940678194494 0.0989521382044746
14 0.713566792227527 0.0821297082979326 0.0421689619357795 0.0594732370433305
12 0.128407401802355 0.555508354573775 0.252461290008272 0.286887567261399
11 0.306565098503428 0.475672613990371 0.0361300166470067 0.127216086094591
7 0.369962621976122 0.434692721608609 0.0249933142469769 0.0452563013310677
19 0.367630382549459 0.434692721608609 0.0172191828247669 0.0310960067969414
21 0.379194143902282 0.434692721608609 0.00653027039465637 0.0310960067969414
15 0.384830907458813 0.499093741149816 0.0547298852123582 0.0722175021240442
9 0.668081385827033 0.433305012744265 0.0250420321372227 0.0424808836023789
19 0.670413625253696 0.432809402435571 0.0172679007150128 0.0273293684508638
21 0.65882550495575 0.433305012744265 0.00653027039465637 0.0283205890682526
7 0.673399409995253 0.482837723024639 0.0356780804736623 0.0452563013310677
19 0.67106717056859 0.482837723024639 0.0279039490514523 0.0310960067969414
21 0.687973315034756 0.482837723024639 0.00653027039465637 0.0310960067969414
10 0.669496533829026 0.535641461342396 0.027872328141208 0.0490229396771453
19 0.671980365763858 0.535641461342396 0.0197950117026592 0.034862645143019
20 0.658977097463919 0.535641461342396 0.00683345541099524 0.034862645143019
12 0.845152777230709 0.488388558482016 0.305340931942144 0.152647975077882
12 0.144716492975295 0.848060039648825 0.285079472354152 0.286887567261399
