0 0.5 0.5 0.994270884059881 0.979573077315902
17 0.5 0.991829230926361 0.997708353623952 0.0122561536104586
13 0.0507026760700556 0.246736799101215 0.0933845898239443 0.26350730262486
14 0.172220089717956 0.272270452456337 0.0849532408654021 0.314574609335104
13 0.263394195641671 0.239587376161781 0.0928116782299323 0.249208456745991
6 0.376486944299625 0.146266979879481 0.128790526333881 0.0625676641813911
19 0.328648826199629 0.146266979879481 0.0273851741937702 0.0421407414972934
16 0.391325354584534 0.146266979879481 0.0991137057640635 0.0625676641813911
14 0.878925637984803 0.239587376161781 0.0906938150374016 0.249208456745991
22 0.0359702544300389 0.0911959963231539 0.0696488624840301 0.0516596874680829
7 0.0313812325620034 0.471729139005209 0.0547417028078397 0.0680012256153611
19 0.0270843956069139 0.471729139005209 0.0404189129575415 0.0475743029312634
21 0.052736512228798 0.471729139005209 0.0120311434742505 0.0475743029312634
11 0.161526694815723 0.509100194055765 0.0635664510609368 0.142743335716474
13 0.262534828250653 0.579695638852007 0.0910929434478965 0.283934225308957
12 0.571689382611369 0.625288530282913 0.51919540295737 0.375120008170769
6 0.914784174654009 0.46939025635788 0.162410888375815 0.0633234603207027
19 0.85863883844084 0.469012358288224 0.0443911000093576 0.0421407414972934
16 0.938125547846712 0.46939025635788 0.115728141990409 0.0633234603207027
6 0.910075796203888 0.544581758758043 0.152994131475572 0.070718006332346
19 0.869399073029041 0.544581758758043 0.0659115691857589 0.0502910836482484
16 0.944177403984791 0.544581758758043 0.0847909159137654 0.070718006332346
5 0.061829574078424 0.864937187212746 0.115638385840681 0.0878357675416198
19 0.0228715856856129 0.850944745174139 0.0319932931149394 0.0394239607803084
18 0.0789720438239175 0.864937187212746 0.0813534463496938 0.0878357675416198
6 0.0657311020336452 0.952384843223368 0.123441441751123 0.070718006332346
19 0.0388042571150846 0.952384843223368 0.0638586359738829 0.0502910836482484
16 0.0988062432086105 0.952384843223368 0.0572911594011928 0.070718006332346
