0 0.5 0.5 0.989414330174099 0.983005047500892
17 0.5 0.974541561156337 0.99576573206964 0.0475178871875053
22 0.0562434280633164 0.0758739654322666 0.108252588196272 0.0429802348702435
11 0.0663350999640087 0.15504495164936 0.117850262171756 0.118760728063765
14 0.290276709409249 0.185737835862749 0.1846493673298 0.180146496490542
14 0.472389044537442 0.199333797862035 0.171106767065864 0.207338420489115
14 0.635835315205962 0.172141873863463 0.147317238410456 0.15295457249197
14 0.81130867107501 0.14494994986489 0.144702577963458 0.098570724494825
14 0.0872788477145539 0.427066161350079 0.159737757672846 0.234530344487687
13 0.287400935773213 0.400723984976462 0.178897820057727 0.181845991740453
11 0.454007028884764 0.453986166108666 0.13434273576051 0.288370354004861
15 0.648449905081827 0.336992913104808 0.172546418162187 0.0543838479971448
7 0.620607829161403 0.400401080878979 0.116862266321339 0.0588365255519111
19 0.612668576791978 0.400401080878979 0.0903980917565861 0.0418415730528033
21 0.667924009004876 0.400401080878979 0.0222299066343921 0.0418415730528033
15 0.687616883437661 0.470607229652793 0.0942124614505191 0.0679798099964311
9 0.633550574801871 0.539683214085417 0.142747757602275 0.0565761968695297
19 0.641489827171297 0.539683214085417 0.116283583037523 0.039581244370422
21 0.57329164931793 0.539683214085417 0.0222299066343921 0.039581244370422
9 0.63161692578034 0.60418755629578 0.138880459559213 0.0588365255519111
19 0.639556178149766 0.60418755629578 0.11241628499446 0.0418415730528033
21 0.57329164931793 0.60418755629578 0.0222299066343921 0.0418415730528033
7 0.615249715951193 0.666431569823762 0.106146039900918 0.0520555395047671
19 0.607310463581767 0.666431569823762 0.0796818653361656 0.0350605870056593
21 0.657207782584456 0.666431569823762 0.0222299066343921 0.0350605870056593
6 0.865773706607575 0.338692408354719 0.253632649028588 0.0577828384969664
19 0.798025419721809 0.335828758858619 0.107550405431154 0.0350605870056593
16 0.921666043288332 0.338692408354719 0.141847975667074 0.0577828384969664
13 0.10056386334606 0.825869716694142 0.186307788935858 0.253224792236706
