0 0.5 0.5 0.994982480494393 0.976936205544536
17 0.5 0.968517920568292 0.997992992197757 0.0583513999723234
14 0.0371873458158069 0.13377000784169 0.0673501643237638 0.096867936712948
11 0.10339184318579 0.18893860417916 0.0610448148117176 0.207205129387887
15 0.394881283993766 0.118778541445639 0.0451576755504637 0.066885003920845
10 0.391533349032282 0.197308847311321 0.0518535454734326 0.071724572246148
19 0.395541087808753 0.196768762396789 0.038820548414882 0.0475806079616218
20 0.371119570923719 0.197308847311321 0.0110259892563078 0.0486607777906842
5 0.483805119542402 0.120658240693759 0.112838996161598 0.0706444024170857
19 0.447929855077312 0.120658240693759 0.0360709477258093 0.0475806079616218
18 0.502844097306428 0.120658240693759 0.0747610406335455 0.0691913833663914
15 0.511262240656961 0.200954841090456 0.053185706759435 0.0714977628119378
12 0.769359680885759 0.297107800175285 0.454256110920631 0.423543521380137
11 0.0324390998570007 0.621707643341483 0.0578536724061515 0.207205129387887
12 0.218234502136627 0.729876839337608 0.290730132713391 0.423543521380137
14 0.395492594977463 0.566539047004013 0.0597720373637952 0.096867936712948
11 0.450980506936721 0.59868997647493 0.0471897709502346 0.161169795654781
13 0.591403316580393 0.69569629595461 0.0983433823098987 0.355182434614143
