0 0.5 0.5 0.995953975086135 0.974515150742883
17 0.5 0.989806060297153 0.998381590034454 0.01529090955427
14 0.0375423908382674 0.271744947628635 0.0694203467971238 0.270139402125436
22 0.0228694814881361 0.110387624557201 0.0441205530107262 0.057672213868855
11 0.100066288169708 0.225719309870282 0.0523906279346662 0.178088126608731
22 0.0603511819526955 0.110387624557201 0.0356980778150306 0.057672213868855
11 0.451611231848237 0.225719309870282 0.0531823001428124 0.178088126608731
11 0.506314829409967 0.20028543031168 0.0509880059645263 0.127220367491526
12 0.88433965747477 0.298198221157522 0.225656250171048 0.323045949183211
14 0.0357877647006213 0.727312112948852 0.0659110945218316 0.514793954993756
12 0.24863632300683 0.679757384235072 0.349530697608909 0.419684497566197
9 0.443380268498464 0.510639924564846 0.0367203734432671 0.0814495782257448
19 0.446414787183863 0.510639924564846 0.0266053111586047 0.0559647289686282
21 0.429268407936389 0.510639924564846 0.00849665231911643 0.0559647289686282
8 0.452111249119494 0.605672927444634 0.0541823346853272 0.0882285481281378
19 0.448879490693892 0.605672927444634 0.0436727929202585 0.0627436988710212
20 0.474756850562396 0.605672927444634 0.00889113179952277 0.0627436988710212
15 0.457960785664367 0.707128112337216 0.0424832615955821 0.0942939422513316
7 0.444512481136861 0.808583297229797 0.0389847987200602 0.0882285481281378
19 0.441477962451462 0.808583297229797 0.0288697364353978 0.0627436988710212
21 0.459756554337333 0.808583297229797 0.00849665231911643 0.0627436988710212
10 0.446168312858512 0.903616300109585 0.0422964621633632 0.0814495782257448
19 0.449400071284114 0.903616300109585 0.0317869203982945 0.0559647289686282
20 0.429465647676592 0.903616300109585 0.00889113179952277 0.0559647289686282
12 0.625356974425702 0.703917021330819 0.289072295995996 0.46800377175769
22 0.0986744555993388 0.110387624557201 0.045803699374894 0.057672213868855
22 0.133115568341129 0.110387624557201 0.0279337560053237 0.057672213868855
14 0.805345741393956 0.625372715920385 0.0676684180094203 0.310915160936823
