0 0.5 0.5 0.993949368314052 0.982804869660912
17 0.5 0.993121947864365 0.997579747325621 0.0103170782034528
22 0.0284964583635865 0.0756241832313089 0.0545726640527938 0.0411995322924548
11 0.0417654936508705 0.18890570190522 0.0750601029414138 0.188802531123186
11 0.119921503138261 0.20606644198363 0.0713934201397293 0.223124011280006
12 0.485984720138116 0.236089139555678 0.605934459557578 0.283169406424101
14 0.838629652935766 0.185638627140794 0.0945149006889653 0.182268381594332
14 0.942035956887232 0.364467982667309 0.107457201865208 0.539927092647362
9 0.0430199912870904 0.668787399408487 0.0775690982138535 0.0549556365637252
19 0.0475579650515514 0.668787399408487 0.0624425189989835 0.0377605062246372
21 0.010588605450409 0.668787399408487 0.0127063265404908 0.0377605062246372
8 0.034473972306554 0.729880270337097 0.0604770602527807 0.0534740010222245
19 0.029641036190845 0.728334135772749 0.0447605563354148 0.0331866015544398
20 0.058064376811451 0.729880270337097 0.0132962512429868 0.0362788706831365
9 0.0369471739516272 0.792116617433257 0.0654234635429272 0.0572425888988239
19 0.0414851477160882 0.792116617433257 0.0502968843280572 0.0400474585597359
21 0.010588605450409 0.792116617433257 0.0127063265404908 0.0400474585597359
10 0.0296475850983961 0.854352964529416 0.050824285836465 0.0534740010222245
19 0.0344805212141051 0.853950306132617 0.035107781919099 0.0354735538895385
20 0.010883567801657 0.854352964529416 0.0132962512429868 0.0362788706831365
14 0.132411015376672 0.787468189008873 0.0963724446165513 0.292317215764495
12 0.393860827403714 0.815496251461586 0.421686674088775 0.348373340669922
7 0.820898276780096 0.667643923240938 0.059052148377624 0.0526686842286265
19 0.816360303015635 0.667643923240938 0.0439255691627539 0.0354735538895385
21 0.844071187698662 0.667643923240938 0.0127063265404908 0.0354735538895385
14 0.929388119786372 0.70493156338125 0.0821615276634881 0.127243964509251
