0 0.5 0.5 0.996589064084664 0.97709049255441
17 0.5 0.990836197021764 0.998635625633866 0.0137457044673539
22 0.0136937707214357 0.100756013745704 0.026023167076737 0.0548911798396334
7 0.0179756322738208 0.162520045819015 0.0311759542661712 0.0732187857961054
19 0.0154174303373188 0.162520045819015 0.0226486144778312 0.0503092783505155
21 0.0299821266958036 0.162520045819015 0.00716296542220565 0.0503092783505155
9 0.0257036760793338 0.24794959908362 0.0466320418771972 0.0793127147766323
19 0.0282618780158358 0.24794959908362 0.0381047020888572 0.0564032073310424
21 0.00596913785183804 0.24794959908362 0.00716296542220565 0.0564032073310424
15 0.0309417366666515 0.343734249713631 0.0361559207025618 0.0939289805269187
13 0.34477399138625 0.28971363115693 0.066854343940586 0.327605956471936
7 0.404186810138211 0.165567010309278 0.0492425448310677 0.0793127147766323
19 0.401628608201709 0.165567010309278 0.0407152050427277 0.0564032073310424
21 0.425226599842642 0.165567010309278 0.00716296542220565 0.0564032073310424
9 0.398600834087529 0.250996563573883 0.0380705927297038 0.0732187857961054
19 0.401159036024031 0.250996563573883 0.0295432529413637 0.0503092783505155
21 0.38314702043378 0.250996563573883 0.00716296542220565 0.0503092783505155
12 0.813293326844975 0.31454753722795 0.152139111610371 0.377273768613975
6 0.921165312146115 0.165567010309278 0.0608761102596404 0.0793127147766323
19 0.905645553731336 0.165567010309278 0.0264256575147466 0.0564032073310424
16 0.935060328086556 0.165567010309278 0.0330860783787594 0.0793127147766323
6 0.92591560889754 0.254043528064147 0.0703767037624897 0.0793127147766323
19 0.905961633792824 0.254043528064147 0.0270578176377222 0.0564032073310424
16 0.940126704899468 0.254043528064147 0.0419545117586331 0.0793127147766323
6 0.94416980093778 0.342520045819015 0.10688508784297 0.0793127147766323
19 0.91108372255902 0.342520045819015 0.0373019951701147 0.0564032073310424
16 0.963502985705905 0.342520045819015 0.0682187183067205 0.0793127147766323
5 0.923375030129934 0.442886597938144 0.0652955462272775 0.103092783505155
19 0.907855271715155 0.424902634593356 0.0308450934823837 0.0442153493699885
18 0.939479764054193 0.442886597938144 0.0330860783787594 0.103092783505155
5 0.932284394740792 0.551706758304696 0.0831142754489929 0.0962199312714777
19 0.901074331115467 0.538682703321879 0.0172832122830076 0.047262313860252
18 0.941608188065363 0.551706758304696 0.0644666887998508 0.0962199312714777
12 0.156185050095279 0.797617411225659 0.307594789909087 0.377273768613975
10 0.328542196748635 0.647113402061856 0.0343907546653562 0.0762657502863689
19 0.3312666784605 0.647113402061856 0.0255308553262901 0.0533562428407789
20 0.315094581902423 0.647113402061856 0.00749552497293164 0.0533562428407789
10 0.331098693217179 0.730032462811552 0.0395037476024449 0.0712447652565518
19 0.333823174929044 0.727972508591065 0.0306438482633788 0.0442153493699885
20 0.315094581902423 0.730032462811552 0.00749552497293164 0.0483352578109619
10 0.328090247739853 0.81044103104634 0.0334868566477921 0.0712447652565518
19 0.330814729451718 0.809904559070985 0.0246269573087261 0.047262313860252
20 0.315094581902423 0.81044103104634 0.00749552497293164 0.0483352578109619
12 0.557712467198166 0.775899198167239 0.356293858950978 0.333837342497136
11 0.755373929534612 0.757617411225659 0.0363003169896444 0.297273768613975
11 0.911479959614519 0.757617411225659 0.0415054051964472 0.297273768613975
