0 0.5 0.5 0.988849158854883 0.976406191015478
17 0.5 0.990562476406191 0.995539663541953 0.0141562853907135
15 0.0875935741419428 0.158385239713099 0.15722686014615 0.0637032842582106
9 0.0856180167857329 0.238946300490751 0.155624855968302 0.0785437901094753
19 0.0939811476445706 0.238946300490751 0.127747753105509 0.0549499811249528
21 0.0195139720039548 0.238946300490751 0.0234167664047458 0.0549499811249528
7 0.0718894728625696 0.323046432616082 0.128167768121975 0.0707814269535674
19 0.0635263420037318 0.322220649301623 0.100290665259183 0.0455360513401284
21 0.124264973721184 0.323046432616082 0.0234167664047458 0.0471876179690449
7 0.0870062965082999 0.408715553038883 0.158401415413436 0.0816817667044168
19 0.0786431656494622 0.408715553038883 0.130524312550643 0.0580879577198943
21 0.154498621012645 0.408715553038883 0.0234167664047458 0.0580879577198943
13 0.295497290345602 0.283432427331068 0.185103963008943 0.313797659494149
15 0.61737747084055 0.187877500943752 0.118198916138241 0.122687806719517
5 0.522167872196493 0.296409022272556 0.259316527776745 0.0755001887504719
19 0.446899694466953 0.294792846357116 0.0976293311725481 0.0486740279350698
18 0.57321270601179 0.296409022272556 0.15722686014615 0.0755001887504719
6 0.522623198209918 0.382868535296338 0.260227179803597 0.0785437901094753
19 0.454603067224704 0.382868535296338 0.113036076688052 0.0549499811249528
16 0.581371404782967 0.382868535296338 0.142730766657498 0.0785437901094753
6 0.534312996677049 0.467711872404681 0.283606776737859 0.0722678369195923
19 0.447336435745136 0.467711872404681 0.0985028137289156 0.0486740279350698
16 0.585794571770531 0.467711872404681 0.180643626550896 0.0722678369195923
6 0.543536600777585 0.552555209513024 0.302053984938931 0.0785437901094753
19 0.457675123960184 0.552555209513024 0.119180190159011 0.0549499811249528
16 0.605356864086114 0.552555209513024 0.178413458321873 0.0785437901094753
5 0.529157591120957 0.644913174782937 0.273295965625674 0.0872970932427331
19 0.438835777845509 0.637398546621367 0.0815014979296605 0.0486740279350698
18 0.572138508314811 0.644913174782937 0.187334131237966 0.0872970932427331
11 0.762899664731376 0.185423744809362 0.127751470052558 0.117780294450736
14 0.91171507370706 0.270455832389581 0.160958674982716 0.287844469611174
13 0.103145280592333 0.841921479803699 0.190679383581501 0.287844469611174
11 0.267780016205889 0.733342770856927 0.129669414729518 0.0706870517176293
13 0.494539804785941 0.825405813514534 0.204060392955642 0.254813137032843
22 0.0567261873787346 0.102196583616459 0.108992038299422 0.0533927897319743
