0 0.5 0.5 0.989310338684103 0.980124816154549
17 0.5 0.971548674325238 0.995724135473641 0.0529276145804349
9 0.078691941776978 0.107942123464642 0.1424183577117 0.0688078864729499
19 0.086709187763901 0.107942123464642 0.115694204421957 0.0489327026274993
21 0.0187069073028203 0.107942123464642 0.0224482887633843 0.0489327026274993
7 0.0865951647098648 0.184700083475772 0.158224803577473 0.0688078864729499
19 0.0785779187229418 0.184700083475772 0.13150065028773 0.0489327026274993
21 0.154483422116909 0.184700083475772 0.0224482887633843 0.0489327026274993
7 0.072139179390333 0.257492944309735 0.12931283293841 0.0608776881186151
19 0.06412193340341 0.257492944309735 0.102588679648666 0.0410025042731645
21 0.125571451477846 0.257492944309735 0.0224482887633843 0.0410025042731645
15 0.112775926882717 0.329669674444489 0.210586327923177 0.0675756250745319
9 0.0692743501576725 0.404489804030687 0.123583174473089 0.066164487021505
19 0.0772915961445955 0.404489804030687 0.0968590211833455 0.0462893031760544
21 0.0187069073028203 0.404489804030687 0.0224482887633843 0.0462893031760544
7 0.0589125051221294 0.475334896847796 0.102859484402003 0.0596255515363517
19 0.0508952591352064 0.474639265413205 0.0761353311122593 0.0383591048217196
21 0.0991181029414385 0.475334896847796 0.0224482887633843 0.0397503676909011
7 0.0583744588358959 0.543536590213459 0.101783391829536 0.0608776881186151
19 0.0503572128489729 0.543536590213459 0.0750592385397923 0.0410025042731645
21 0.0980420103689715 0.543536590213459 0.0224482887633843 0.0410025042731645
9 0.0586345739279161 0.611738283579123 0.102303622013576 0.0596255515363517
19 0.066651819914839 0.611042652144532 0.0755794687238326 0.0383591048217196
21 0.0187069073028203 0.611738283579123 0.0224482887633843 0.0397503676909011
14 0.295827468866361 0.115276066303613 0.146965026991395 0.0834757721508924
13 0.466051417270929 0.185832968954963 0.184931140765023 0.224589577453591
13 0.679844643588876 0.195770560877688 0.202034598870459 0.244464761299042
14 0.86735199273103 0.258377389990857 0.164428370361132 0.369678419525381
13 0.0967414349088706 0.794589974957268 0.178517343975485 0.290177684143578
11 0.279272746708475 0.778451325674763 0.113855582675622 0.257900385578567
13 0.474068663257852 0.791608697380451 0.200965632738869 0.284215128989943
11 0.64632721053288 0.798286759152522 0.134999732758467 0.297571252534086
13 0.888827522314668 0.777696068688635 0.207379429528408 0.256389871606312
